50 1 1 51
-0.0276544,0.2955168,0.4668168,0.236917,0.1173154,0.0098412,-0.0269776,0.0581342,-0.0163882,0.4306868,-0.0039461,0.0254344,-0.0947507,0.0172502,-0.0032994,0.47247,0.0065649,-0.0093691,-0.0068314,-0.0055767,0.0789308,0.4050249,0.0686956,0.0338459,-0.0054724,-0.1050037,0.5252509,-0.0347524,-0.0175026,0.6693555,0.0086016,8.993E-4,-0.0095579,0.0281723,0.0231875,-0.0502505,0.1078789,-0.0234774,-0.0018766,-0.0132126,-0.0065182,0.1664806,-0.0484211,0.5320726,-0.0284731,-0.0023401,0.553544,0.0041592,-0.036259,-0.0163608,-0.1775178, 

-0.0151927,0.007748,-0.0059031,-0.0022021,-5.676E-4,-0.0245389,-0.0014747,-7.134E-4,0.0011509,0.0054681,-0.006146,0.006764,0.0047428,0.0115081,-0.0029288,-0.007359,-0.0268077,-0.0010851,-0.0186609,-2.86E-5,-9.361E-4,0.0051748,0.0053766,0.0051332,-0.0139703,-0.0089457,0.0018056,0.0047339,-0.0089959,4.06E-5,0.0039149,0.0028804,-0.0095197,0.0147549,0.0056078,-0.0107165,-0.0182568,0.0093505,-0.0082372,-0.0197525,3.532E-4,-1.127E-4,0.0094493,-0.0017327,-0.0146945,0.0083483,-6.008E-4,-0.0119947,-0.0090944,0.0029496,-0.0152507, 

-8.839E-4,-0.0235961,-0.0058184,-0.0094706,-0.0108932,0.0140538,4.409E-4,-0.0067107,-0.0011283,0.0154417,-0.0076197,0.0115694,0.0084212,0.0108011,-0.0097876,-0.0344758,0.0044539,-7.662E-4,0.010446,-0.0117309,-0.0087307,-0.0135371,-0.0064012,0.0086074,-2.182E-4,0.014345,-0.0083975,-0.0148608,0.019179,-0.0025437,0.0021556,0.0150536,-0.0092592,-0.0071562,0.0081091,0.0175836,-0.0036143,-0.0063376,0.0040958,0.0323955,-7.017E-4,0.0090467,8.083E-4,-4.955E-4,0.0010195,-0.0123335,-0.0043651,-0.0025063,-0.0120709,0.0099096,-0.0022883, 

0.0070738,-0.0216875,0.0143938,-0.0157649,-0.0085543,0.0137918,-0.032301,-1.778E-4,-0.0220025,0.0280679,0.0030852,-0.0060886,-0.0039373,0.0151475,0.0129948,0.0112838,-0.0095656,0.0224057,-0.0100564,-0.0013426,0.0133953,0.0332581,0.0249586,-0.0170955,-0.0049985,-0.0049237,0.0223564,0.0026633,-0.0195593,-0.0358792,-0.0087989,-0.0145598,-0.0050814,-0.0032636,-0.0053349,0.0061255,-0.0148064,-0.0149237,-0.006897,-0.0038484,0.01471,0.0544352,-0.0064484,0.0123816,-0.008872,-0.0041936,-0.0022078,-9.138E-4,-0.0089545,0.0101176,-0.0361611, 

-0.0109135,0.0328017,0.1242669,0.0671884,0.0800946,-0.0064832,0.0070473,0.0183593,-0.0057244,0.206271,0.0055905,-0.0041585,-0.076092,-0.0085464,-0.0146136,0.1178486,0.0170332,-0.0059137,-0.0111798,-0.005859,0.0396076,0.1369396,0.0314369,0.0077352,0.0069299,-0.0779464,0.1673441,-0.0239594,-0.0222205,0.037248,-0.0181594,-0.0012296,-0.0176297,-0.0065869,0.0146038,-0.0077161,0.065917,0.0057511,0.0110584,0.0052223,-0.0014288,0.0927627,-0.0128039,0.1285157,0.0072659,-0.0042923,0.2312461,0.0101948,-0.0407622,-0.0316185,-0.0410013, 

-0.0236121,0.0152129,0.0254123,8.114E-4,-0.0062446,-0.0196734,-0.0022924,0.0146991,-0.0165286,0.0506108,-0.0167841,0.0140982,-0.0160676,-0.0143379,0.0065383,0.0293527,8.812E-4,-0.009758,0.0134063,0.0073042,0.002842,0.0343307,0.0059161,-0.01562,-0.0189423,-0.0154546,0.0470251,0.0035731,-4.378E-4,0.009974,-0.0123824,-0.015989,0.009011,0.0085654,-0.0097092,-0.0155711,0.0039069,0.0013122,-0.0146197,0.0142886,0.0021846,0.025907,-0.0037546,0.0380612,-2.276E-4,0.0049655,0.0526925,0.0047059,-0.0137052,0.0012721,-0.0248284, 

-0.0053016,0.0158087,0.0491913,0.0187288,0.0541698,0.0068633,0.0030513,0.026471,-0.0217154,0.0376324,0.0031205,0.0080502,-0.0497936,-0.0158907,-0.0011393,0.0208321,-0.0135191,-0.0122046,-0.0013321,-0.0190816,-0.0093015,0.0461733,0.0287468,-0.008399,-0.0039906,-0.0455143,0.0353141,-0.0127888,-0.0141963,-0.0019826,-0.0012332,-0.0035091,-0.0096859,-0.0159608,0.0075133,0.0081117,0.0177312,0.0051416,-0.006201,-0.0125403,-0.0028379,-0.0504938,-0.0314147,0.0272508,-0.001041,-0.0378224,0.0108033,0.003067,-0.0126836,-0.011864,7.55E-5, 

0.0101784,0.0194977,0.1692851,0.1140284,0.1295552,-0.0110645,-0.0157135,0.0343272,-0.0085818,0.1609503,0.0123732,0.0247348,-0.0199745,-0.0051108,5.379E-4,0.1623909,0.0040734,0.0066687,-4.681E-4,-0.0100824,0.0771493,0.1961782,0.0348826,-0.0231239,-0.0022048,-0.020147,0.2363493,0.0011528,0.0037702,0.2550582,0.0226712,-0.0090466,-0.0078798,0.0122764,-0.0061129,-0.0338745,0.0299696,-0.0130833,0.0038059,-0.0086526,-0.0126835,0.0829386,-0.0134916,0.0876409,0.0013951,0.0076893,0.0480022,-4.827E-4,-0.0078761,-0.0059636,-0.1134643, 

0.001169,-0.0154697,0.0066036,-0.0083974,-0.0184634,0.0062529,-0.0128578,-0.0099848,0.0080465,-0.0018157,-0.0052331,-0.0138944,0.0141999,-0.0015,0.0047631,-0.0023088,-0.0014261,0.0165746,-9.904E-4,-3.746E-4,-0.0344701,-0.0038438,-0.0143055,0.0204386,0.0178387,0.0129319,-0.008505,-0.0136437,-0.0112993,-0.0341284,0.0076911,0.0137938,-0.0033938,0.0023009,-0.0068281,-0.0209268,-0.0084466,0.0071421,0.0048552,-0.0087385,-0.0037039,0.0034094,-0.0104826,-0.0132079,0.0026267,-0.0269518,-0.0166296,-0.0067475,0.0047816,-0.0163822,-0.0135141, 

0.0036681,-0.0406373,-0.0212343,-0.0334814,-0.0106963,-0.0029779,0.018796,-0.0161917,0.007487,-0.0937055,0.0099505,-3.751E-4,0.0349662,0.0198248,0.0060059,-0.0277773,0.0031791,0.0013067,-0.0031718,9.51E-4,-0.064185,-0.0633237,-0.0058511,0.0036537,-0.0205466,0.0280558,0.0045335,0.0085135,0.0108332,-0.0297813,-6.93E-5,0.0107202,0.0106002,-0.0012338,0.003126,-0.0104146,-0.0264713,-0.0143946,0.0154081,0.0167364,0.0050954,0.0641789,0.0244129,-0.0607371,-0.0119126,-0.0337763,-0.0075068,0.0053275,-0.0041515,-0.0050384,0.0044377, 

0.0036992,-0.0496395,-0.1058746,-0.0123537,-0.0309856,-0.0160561,-0.0049593,-0.0448904,0.0111173,-0.0299536,0.0075429,0.0191073,0.0861273,0.0108439,0.0068885,0.0163615,0.0186866,-8.14E-5,0.0081704,0.0113233,-0.0486015,-0.1133284,-0.0204705,-0.0019938,-0.0010783,0.0602357,0.0537122,0.0169245,0.0148748,-0.0427773,0.0079101,0.0074308,0.0177867,0.0077458,-0.0036358,-0.0505444,-0.0381448,-0.0082624,0.018809,0.0069074,-0.0063961,0.1254351,0.0198612,-0.0949068,-0.0052391,-0.0536838,0.0163508,0.0050331,0.0236228,4.12E-5,0.0297587, 

0.0142084,0.0193224,0.0355503,0.0292008,0.019609,0.0239298,-0.0180124,0.0208179,-0.0255569,0.125546,-0.0031311,0.0102099,-0.0733085,-0.0041587,0.0026761,0.0252106,-0.0034602,-0.0064332,0.0120332,-0.0086568,0.0581809,0.0916178,-0.005141,0.0013237,-0.0027498,-0.0822292,0.0624089,-0.0318967,-0.0245534,0.018317,-0.0050921,0.0154775,0.0013987,0.0057931,6.555E-4,0.0192953,0.002044,0.0050829,0.007591,-8.506E-4,-0.0016099,0.0910281,-0.0259063,0.0646901,-0.0092884,-0.0224644,0.1182941,0.015319,-0.0323142,-0.013334,-0.0098394, 

0.0057102,0.0635733,0.2550133,0.0661474,0.2388796,0.0093002,-0.0442628,0.0333374,-0.0884078,0.3679677,-0.0442907,0.0231531,-0.3136234,-0.0251975,0.0047915,0.259362,0.0122002,-9.511E-4,-0.0167132,0.0156644,0.285859,0.3914842,0.1150372,0.0425575,-0.0188684,-0.282261,0.4757935,-0.1270379,-0.0825381,0.0996586,-9.77E-4,-0.0103953,-0.0209201,0.0027607,-0.0119734,0.0675189,0.1497207,0.0035097,0.0057966,0.0053988,0.0014585,-0.2919492,-0.1173164,0.2255019,-0.0412293,0.1725091,0.0875327,0.0353186,-0.1362423,-0.0691841,-0.2390993, 

3.868E-4,-0.0655973,0.0339043,-0.047953,-0.037334,-0.0066586,-0.0092962,0.0070123,0.0216255,-0.0624246,0.0053771,-0.0020486,0.0752854,9.676E-4,-0.0076147,-0.1115433,0.0275996,-0.0078219,-0.0013134,-0.0053966,-0.1287129,-0.0956224,-0.0375773,0.0120563,-0.0011741,0.0688558,-0.0398104,0.0026552,0.0182257,-0.0668732,0.0041155,0.0218095,0.0195909,-0.0033146,0.0021774,-0.0123781,-0.0551264,-0.0219549,0.0032463,0.0132459,0.0020721,0.031959,0.0269641,-0.1315049,-0.00431,-0.0608793,0.0193253,0.0017308,0.0208512,0.0070727,0.0253904, 

0.004191,6.28E-5,-9.05E-4,-0.0258819,-0.0075658,0.0176938,7.068E-4,0.0066207,-0.0073645,-0.005729,-1.41E-4,-0.0023877,0.0049374,0.0054057,-0.0031728,7.4E-6,0.0070577,0.0121888,0.0058233,0.0040929,-0.0217314,-0.0055589,-0.0034262,-0.0110834,-0.0053745,0.0160979,-0.0204526,0.0075477,-0.0040439,-0.0159835,-0.0089705,0.010564,-1.045E-4,0.0047577,0.0129376,0.0097473,-0.0071987,0.0061546,0.0029655,-0.0094289,-0.0223281,0.0110798,-0.0071449,-0.0163868,0.0062786,-0.0296227,-0.0071133,-0.0123681,0.0105823,0.0114367,-0.0139311, 

0.0059401,-0.0032266,-0.0106459,-0.0239313,0.0071608,-0.0034209,0.0085329,-0.0118803,0.0029001,0.0063198,0.0083862,-6.577E-4,8.33E-5,0.013924,-0.0118875,-0.0015571,0.0083813,-0.0026165,-0.0102587,0.010479,0.0030065,-0.0281751,-0.001395,-0.0031683,0.0191153,0.002031,0.0220566,0.0066263,-0.0050317,-0.0139446,0.0053768,-2.744E-4,0.0181326,-0.0096179,2.966E-4,-0.0084999,0.0031294,0.0022018,0.0067956,0.017978,0.0025162,0.009944,0.0048515,-0.0084979,0.0035426,0.0078395,-0.0018739,0.006482,-0.0085549,0.0012384,-0.0170756, 

8.477E-4,-0.0181543,-0.0025833,-0.0191423,0.0036201,-0.0073839,-0.0111045,0.0017551,0.0234195,-0.0236373,0.0104701,-0.0120343,0.0013583,-8.094E-4,0.0077559,-0.0103855,0.0012835,-0.0081114,-0.0047749,0.007966,-0.0058543,-0.0171943,-0.0229447,-0.0139793,-0.0041187,-0.0050204,0.0123348,-0.005344,-0.0060702,0.0065261,0.0207341,0.0042753,0.0036447,0.0146705,6.414E-4,-0.0049673,0.0104741,-0.0256353,-3.633E-4,-0.009459,-0.0081131,-0.0024432,-0.0221189,-0.0114899,4.724E-4,0.0033503,-0.013452,0.0132188,0.0086288,0.0031754,-0.0063024, 

-0.0038545,-0.0045718,-0.0066333,-0.0045323,0.0071408,0.0163383,0.0039034,0.0102334,-0.0023759,-0.0033058,-0.0206796,0.0051962,-0.0068242,-0.0080691,0.0133986,0.001156,0.008775,-0.0183244,-2.07E-4,0.010799,-0.0181376,-0.002314,-0.0055549,-6.004E-4,-0.0084612,0.0055172,0.0136957,0.0118394,-0.0015762,-0.0048357,0.0038617,-0.007858,9.143E-4,-0.0116076,6.122E-4,-0.0080033,-0.0020318,0.0132524,0.0129125,0.001357,-0.0175125,-0.0022417,-0.006385,0.0046159,8.822E-4,-0.0081018,0.0037985,0.0119861,-0.0114586,8.154E-4,-0.0117347, 

0.00206,0.0214519,0.1998478,0.0711251,0.0409713,0.0133403,-0.0307381,0.0198882,-0.0299125,0.292628,-0.010569,0.0154083,-0.0840866,0.0174433,-0.0030483,0.1788622,0.0104344,-0.0091672,0.0031715,0.0054233,0.3228155,0.2890268,0.0062036,0.0065966,0.0210774,-0.1215574,0.3144199,-0.054864,-0.0179995,0.0362523,-0.0053208,0.0090225,-0.0036221,0.0186005,-0.001379,0.0976779,0.0372249,-0.0177378,0.0129648,0.0089554,0.0083813,0.3384847,-0.0549632,0.1640912,-0.0334945,-0.0212724,0.0236199,0.0205056,-0.0358449,-0.0279458,-0.1882018, 

0.0020616,-0.0752961,-0.1679012,-0.0623574,-0.0536667,-0.0084868,0.0235366,-0.0220145,0.0251641,-0.0886346,-0.0018536,0.0120319,0.0946304,-0.0072157,-0.0014684,-0.1188453,0.0226563,7.709E-4,-0.0054557,-0.0066806,-0.106735,-0.0983627,-0.0548788,0.0039491,2.8E-4,0.0656995,0.0377808,0.0346562,0.036729,-0.0725969,0.0016812,0.0110678,0.0110449,0.0036396,-4.875E-4,-0.0257959,-0.0539573,-0.0133696,0.0092137,0.0215279,0.0064361,0.1590653,0.0291021,-0.118196,0.0069483,-0.0850968,0.0668995,1.453E-4,0.0300169,0.0136843,0.0160369, 

1.118E-4,-0.0490839,-0.0512384,-0.0233579,-0.0153099,0.0129299,0.0040446,-0.0163838,0.0034957,5.579E-4,0.0140661,0.0094366,0.0317543,0.0024406,-0.0041482,-0.0161425,0.0195819,0.0112512,-0.0061053,0.0067818,-0.051186,-0.0582602,-0.0119394,0.0050501,7.963E-4,0.0325164,0.0044733,0.0059741,-3.522E-4,-0.0435407,0.0037344,0.0066994,-0.013579,0.0022536,-0.0030231,0.0019353,-0.0166577,-0.0090246,0.0108407,0.009216,-0.0043051,0.0209156,-0.003609,-0.05454,0.0168419,-0.0255741,-0.0240622,-0.0060166,0.0071461,-0.0049553,0.0122326, 

-0.0057022,-0.0556364,0.0109725,-0.0394111,-0.0210874,-0.014914,0.0101013,-0.0245502,-0.0062991,-0.0393345,1.291E-4,-0.0021876,0.0492476,-0.0148168,0.0183869,-0.0086386,0.0053946,-0.0150776,0.0054985,-0.0052068,-0.0258365,-0.0446467,-0.0219233,0.0129212,0.0111762,0.0349848,0.0176827,-0.0029214,0.0206764,-0.0530109,0.0114292,0.0130433,0.0113397,-0.0087023,-0.0037942,-0.0186525,-0.0271173,0.0022215,-0.0010713,-0.0099599,0.007153,0.0531253,-0.0038605,-0.0512787,8.981E-4,-0.0038609,-0.0266505,0.0189678,0.0119902,-2.459E-4,0.0182607, 

-0.0011384,-0.0067368,-0.0152331,-0.0040573,-0.0118482,-0.0058098,0.0061707,-0.0110261,-7.085E-4,-0.0046287,0.0074669,-0.0104799,0.0034198,-0.0051419,-0.0179956,-0.0313147,-7.726E-4,-0.0131404,6.283E-4,-0.0150446,-0.0207926,-5.22E-5,-0.0032996,-0.0124436,0.0108656,0.0060763,4.869E-4,-0.0056411,-0.0013342,-0.035376,-0.0140123,0.0033975,-0.0071684,-0.0011961,-0.0102628,-0.0050631,0.0023563,-0.0015721,0.0166714,-0.0036507,-0.0053158,0.0087914,-0.0087844,-0.0103155,0.0270389,-0.0094069,0.023893,-0.0104563,-0.0054752,0.020145,-0.0142228, 

-0.012588,0.2999198,0.375401,0.2712307,0.1125273,0.0091067,0.0017481,0.0601193,-0.1031068,0.9571103,-0.0312818,0.0322106,-0.3612924,-0.0123316,0.0127067,0.3339689,-0.0124142,-0.0170655,0.0527321,0.0047324,0.6027806,0.5387203,0.0642142,0.0176372,3.652E-4,-0.3458975,0.6356608,-0.1130248,-0.1015719,0.4798292,-0.0019814,-0.0225135,-0.0105341,0.0189026,-0.018803,0.1924832,0.013541,-0.0123138,0.0019687,-0.0048741,-0.0235767,0.4048701,-0.174482,0.6550315,-0.0775196,-0.06107,1.5647306,0.0128081,-0.14886,-0.0693761,-0.1198275, 

-0.0163862,-0.002492,0.0815094,0.0315672,0.0154031,-0.0309278,-0.0255819,0.0257095,-0.0149968,0.143905,0.0207739,6.743E-4,-0.0484172,0.0017122,0.0072233,0.0874151,-0.0113559,0.0189102,-0.0221899,-0.0098115,0.0250668,0.087881,-9.473E-4,0.0241343,-0.0058462,-0.0193556,0.1304846,-0.0027846,-0.0022988,0.0344088,-0.0017131,0.0079505,-0.00384,0.0052443,0.0075799,0.0013671,0.0352899,-0.0047013,-0.0151397,-0.0041636,0.0110535,0.068936,-0.0178048,0.0918496,-0.0141281,-0.0018183,0.0889802,0.0114063,-0.0045691,-0.0093927,-0.0482672, 

0.014261,0.003485,-0.0274743,-0.0044355,0.0096598,0.002548,4.39E-4,0.0016532,0.0121722,-0.0071066,0.0231726,0.0072927,0.0084255,-0.0015358,0.0054465,-0.005547,0.0283543,-0.0082282,0.0068784,0.0130448,-0.0179676,3.187E-4,-0.0153266,0.0039293,-0.0188156,0.0068164,-0.0181013,-0.0064001,0.0083497,-0.009316,0.0042907,-0.0024747,0.0022607,-0.0045438,-0.0096993,-0.0148704,3.67E-4,0.0073196,0.0087871,-0.0167281,0.0020979,0.0071653,-0.0171796,-0.0293434,-4.924E-4,-0.0118231,0.0068461,3.817E-4,0.006389,0.0120805,-0.0086964, 

0.004694,0.0225284,0.0595118,0.0141813,0.0231934,0.022347,0.0102578,0.0022168,-0.0160873,0.0946025,-2.169E-4,0.0095163,-0.0163492,-0.0081814,0.0056578,0.0594514,0.0196302,-0.0056238,0.0092514,-0.0112492,-0.0042515,0.059831,-0.0023384,-0.0155541,0.0076174,-0.021097,0.0815231,-0.0247267,-0.02907,0.0166431,-0.0023258,-0.0069012,-0.0196999,0.0039026,0.0066379,0.0050827,0.0140761,0.0068806,-0.0110956,-0.0046117,0.005016,0.0467724,-0.0058184,0.0515538,-0.0037631,-0.0178325,0.0804431,-0.0086524,0.0062772,-0.0023439,-0.0254028, 

6.045E-4,6.149E-4,-0.0069575,-0.0146665,-0.0112915,0.0123113,0.017429,-0.0094046,0.01746,0.0222308,-0.0022468,0.0144136,0.0039744,-0.0082238,0.0059033,0.0058182,-0.0011631,0.011494,-0.0098075,-0.0041636,-0.024751,-0.0068582,-2.118E-4,-0.0159281,0.008772,0.0169397,-0.0179125,0.0020793,-0.0131676,-0.0062426,0.0172917,-0.0034126,0.0149136,0.0061602,0.0110764,0.004791,-0.0090375,-0.0047417,-5.028E-4,0.0068471,0.0092353,0.0162027,-0.0047964,-0.0084025,-0.0083477,-0.0119075,-0.00683,0.0068901,-0.0181381,0.0111066,-0.0176215, 

-0.0049533,0.0028717,-0.0062263,-0.0207619,0.0093537,0.0028708,0.0134822,0.0121975,-0.0079728,0.0087682,0.0123013,-0.0022523,0.0108102,-0.0106101,0.0041756,0.0026064,-0.00684,-9.225E-4,0.0023706,0.0269799,0.0047653,-0.0024909,0.0075392,0.0030164,-0.0010088,-0.0176225,0.0033696,0.0120423,0.0163687,-0.0118741,-6.677E-4,0.0126316,-0.0094197,0.0077758,-0.0123017,0.0021733,-0.0039986,-0.010004,0.0257766,0.0061157,-0.0019671,-0.0053963,0.0011265,-0.016361,-6.608E-4,-0.005423,-0.0092673,-0.0056578,0.0013764,0.0188525,-0.0122577, 

0.0186441,-0.0053667,-0.0116595,-0.009576,0.0022582,0.0019325,0.0024094,0.013355,0.0098666,0.0060938,9.054E-4,-0.0090038,-0.0013013,0.0151312,-0.0032651,0.0059119,0.016206,-0.0123495,0.0117415,0.001188,0.0021438,0.0031848,0.0180645,-0.005601,0.0106583,-0.0040429,7.36E-4,-0.0029736,-0.0237461,-0.0092425,0.017913,-0.0154346,-0.0192637,0.0048889,-0.0085892,0.0090435,-0.015953,-0.0054826,0.0162563,-0.0129421,0.003015,-0.0109744,-0.0136162,-0.0070567,0.005662,0.0102585,-0.0071442,0.0181293,-0.0010877,0.0101034,-0.0278201, 

-0.0048205,0.033457,0.0462547,0.0237279,0.0169665,0.0283365,0.0039569,0.005595,-0.0076616,0.0544594,0.0046902,0.0018096,-0.0043229,0.001231,-0.0049385,0.0408475,0.0204297,-0.0055809,-0.0075945,0.0104917,0.0050233,0.0417081,0.0133012,0.0024378,0.0110856,-0.0175195,0.0634193,0.0037361,0.00422,0.0636205,0.0062658,0.0104952,0.0083654,-3.287E-4,-0.0055849,0.003713,0.0062274,-0.0115798,0.0015543,0.0192774,0.0030234,-0.0038924,-0.010477,0.054044,8.426E-4,-0.0012696,0.0588582,0.0248012,-0.0261443,-0.0012136,-0.0418142, 

0.0230352,0.0695274,0.1959722,0.0993866,0.0346955,0.004225,0.0057032,0.0244182,-0.0315704,0.350844,-0.0145744,-0.0022186,-0.1544186,0.0197451,0.0035683,0.1405424,0.0182205,0.0041516,0.0319602,0.01677,0.3028981,0.241979,0.0196532,0.0062449,-0.0087614,-0.1103196,0.2348841,-0.0470868,-0.0330392,0.0875682,0.0025382,-0.0079724,0.0018359,-2.434E-4,-0.0015038,0.0789834,0.005593,-0.0260233,-0.0056644,-0.0150104,0.00729,0.1751292,-0.0403497,0.2816028,-0.0358548,-0.0410973,0.6127529,-2.267E-4,-0.0603818,-0.0560938,-0.0569123, 

0.0154958,-0.0115735,-0.0028948,-0.017622,0.0061647,-0.0120117,-0.016562,0.0114543,-0.0050288,0.0142231,-0.0089503,-6.437E-4,0.0142183,-0.0121585,-0.0122895,7.058E-4,-9.05E-5,-5.666E-4,0.016343,0.006967,0.0021548,2.258E-4,1.189E-4,0.0031005,-0.0135683,-0.0115319,-1.985E-4,0.0047516,-0.0087424,-0.0286256,-0.0038957,5.168E-4,-0.0091037,0.0079166,-0.0056394,0.0141371,0.0096314,-0.0076291,-0.0054446,-0.0135112,0.0060751,-0.0017393,-0.001927,-0.003181,-0.0149439,0.0185189,-0.0162659,-0.0147429,-0.0134519,-0.0057732,-0.0166471, 

0.0154503,-0.0073221,0.0732708,0.0208849,0.0182774,-0.0062194,-0.0246046,0.0154129,-0.0160655,0.0767804,-0.0038788,0.0164619,-0.0567019,0.0069649,0.009876,0.0192827,2.601E-4,0.0109153,-0.0108362,0.0033881,0.1077817,0.0967853,0.0142829,-0.0031048,0.0194509,-0.0562276,0.1031073,-0.0268188,-0.0146319,0.0095621,0.0037152,-0.0054656,0.0067093,0.0153919,-0.0068088,0.0374064,0.0117802,0.0019936,0.0078528,-0.0016222,0.0054837,0.1518926,-0.0162187,0.0486101,-0.0213413,-0.003831,0.0285499,0.0097096,-0.023498,-0.0246833,-0.0651166, 

-0.0126532,-0.0370046,-4.962E-4,-0.0344166,-0.0360504,-0.0026613,0.0167493,-0.0063969,-0.0046471,0.0019418,-0.0038982,-0.0057723,0.0439258,0.0050216,0.0092832,-0.01681,-0.006786,-0.0029998,0.0128152,-0.0023806,-0.0771678,-0.0491696,-0.018295,-0.0199763,-8.852E-4,0.0234739,-0.0545257,-0.0014008,0.0232903,-0.0271979,-0.0105626,0.0054687,0.004961,-0.003212,0.0077898,-0.0201408,-0.0268064,-0.0144155,-0.007422,0.0241231,0.0091113,0.0062562,-0.0182951,-0.0425862,0.0077081,-0.0261073,-0.0199048,-0.0020067,0.0129993,0.0087727,0.0255983, 

-0.0070886,-0.0750997,-0.146792,-0.0369391,-0.0206239,-0.0029699,0.0214245,-0.0289631,0.0235132,-0.0652775,0.0033245,0.0022123,0.0798143,0.0067781,-0.0152174,-0.0862821,0.0141982,0.0121413,-0.0230077,0.0045842,-0.1054701,-0.1217309,-0.0426887,2.765E-4,0.0113771,0.0407258,-0.002247,-0.0011037,0.0194571,-0.0455688,-0.0017727,0.0101071,0.0132354,-0.0100298,-0.0021142,-0.0337762,-0.0325553,-0.0410094,0.0110325,0.0098211,4.027E-4,0.1498873,0.0190391,-0.0991918,0.0026148,-0.0806919,0.0746646,-0.0067571,0.0240648,-0.0055284,0.0373058, 

0.0113727,-0.0472542,0.0334359,-0.0432569,-0.0202345,0.0065421,0.0097501,-0.0077174,0.0229091,-0.0623772,0.0035102,-0.0053752,0.0459826,0.0104491,0.01112,-0.0734598,0.0204755,-0.0101691,0.002341,0.0112788,-0.0833349,-0.0816668,-0.0291421,-0.0230834,0.0057664,0.0210656,-0.0269795,0.0107482,0.0163985,-0.0170892,9.354E-4,0.0016415,0.0069867,0.0020408,9.282E-4,-0.0408693,-0.0162116,-0.0154579,-0.0032585,0.0047026,-0.0159885,0.083991,0.0192989,-0.0489589,-0.0029129,-0.0206005,-0.0041793,-0.0022521,0.0247791,0.0205761,0.0289121, 

8.402E-4,0.0765155,0.1436791,0.0330748,0.04032,0.0030554,-0.0099199,0.0083924,-0.028304,0.2377544,0.0110939,0.015034,-0.0867769,-0.0189833,0.0048913,0.1484962,0.0225445,0.0058381,0.0051073,0.0032566,0.0308519,0.1671362,0.0221456,0.0059501,8.95E-4,-0.0729619,0.1836268,-0.0255982,-0.0117149,-0.0060304,-0.0162255,-0.0095591,-0.0033355,0.0204088,0.0024564,-0.0089254,0.0482303,-0.0202107,-0.0246743,0.0080728,-0.0028331,0.1032484,-0.0358839,0.1561895,-0.024158,-0.0153316,0.3126461,0.0054748,-0.028861,-0.0153641,-0.0373242, 

0.0015941,0.0209155,0.0272144,0.0170842,0.0018892,0.0024913,0.0027183,0.0052209,-0.0029118,0.0486172,0.004221,-0.01794,-0.0056464,-0.0134638,0.0037466,0.0325192,-0.0190959,0.0202201,0.0082505,0.0014718,0.0060185,0.029341,0.0050725,-0.0106136,0.0015056,-0.0231451,0.0345392,0.0026108,-0.0077667,0.0147032,0.004944,-0.01869,-0.0053666,-0.0107429,0.0012777,-0.0073108,0.0118387,0.0084016,0.0251466,-0.0040445,0.0059554,0.0242692,-0.0187734,0.0392746,-0.0103208,0.0013903,0.0861909,0.0053301,-0.010167,-0.0062323,-0.0208305, 

-0.0099225,-0.0732453,-0.0277388,-0.0430439,-0.0198109,-7.58E-5,0.0105123,-0.0318411,0.0201941,-0.0809745,0.0066496,0.0021173,0.0776073,0.0204157,0.0210837,-0.0137398,0.0298092,0.0098146,-0.0144626,-0.0178828,-0.0611599,-0.1132737,-0.0579563,0.0015023,7.659E-4,0.0449481,-0.0542118,0.0220498,0.0288935,-0.0448087,0.0063289,0.0099989,0.0136904,0.0189615,0.0050332,-0.048184,-0.0097974,-0.0128322,-0.0142679,0.0047547,0.0221642,0.1144436,0.0077302,-0.1309838,0.0175728,-0.0484932,-0.0395383,-0.0060579,0.0076861,0.0144508,0.0429749, 

0.0037059,-0.0470957,0.0139906,-0.0196066,-0.0228598,-0.0114338,0.0097837,-0.0186113,0.0254254,-0.0173723,0.0131071,0.0039222,0.0677043,0.0146017,0.0077041,0.019947,0.002842,0.0139175,0.0010427,-0.0074274,-0.0616139,-0.0195272,0.0031588,-3.246E-4,0.0260275,0.0526135,-0.0106203,0.0046481,0.015485,-0.0416579,0.0067535,-0.0044675,0.0180816,-0.0045721,0.0099041,-0.0435393,-0.0299478,-0.0122862,0.0050978,0.0047875,0.0080131,0.1444779,0.0207463,-0.071263,-0.0022152,-0.0330259,0.0083958,-0.0097479,0.0311009,0.01468,0.0065515, 

0.0175379,-0.0076658,0.0023326,-0.0020432,0.0104307,5.825E-4,-0.0078794,-0.0011346,-0.0046292,0.0051881,0.0063811,-0.0039342,-0.0066228,-0.0025621,0.0032169,0.0229393,-0.0064578,-0.0093131,-0.0079307,0.0057202,0.0085144,3.642E-4,0.0027387,0.0113198,8.502E-4,-0.002455,-0.0044432,-0.0039689,0.0157214,1.633E-4,-0.0106538,0.0041488,-0.0078442,9.31E-4,0.0040153,0.0058936,0.0086862,0.0074455,-0.0112058,-0.006141,0.020018,-9.688E-4,-0.0109898,-0.0044186,-0.0175534,0.0125466,-8.999E-4,-0.0090107,-0.0089748,0.0021671,-0.0106407, 

0.0071648,-0.0659264,0.1579098,-0.0678378,0.2248166,9.645E-4,-0.0575807,0.2077866,-0.1007369,0.3516561,0.0225747,0.00589,-0.3276133,0.0213605,0.0017349,0.1770679,-0.0200745,-0.015575,0.0119133,0.0017481,0.2593409,0.442986,0.1311203,0.0146666,0.0049314,-0.3581746,0.2380164,-0.1294241,-0.0764047,0.0081181,-0.0083591,-0.0095818,-0.0178602,0.011032,-0.0104057,0.1744456,0.1269537,-0.009551,-0.0198205,-0.0119046,-0.0092976,-0.2949433,-0.1592344,0.1423769,-0.0763678,0.0849391,0.1001904,0.0164573,-0.1319798,-0.0947328,-0.1295426, 

-0.0089785,0.0405305,0.1112002,0.0570571,0.0015881,0.0014081,0.0116144,0.0206164,-0.0424249,0.2259852,-4.727E-4,0.0171202,-0.1021991,0.0239882,0.0045794,0.084768,-0.0029531,-0.0239572,0.0287382,-0.0055148,0.2094646,0.1728702,0.0068596,0.0189759,-0.0024711,-0.1248962,0.1504597,-0.0389715,-0.0287282,0.0278784,-0.0102073,-0.0051494,0.0030052,-0.0049086,-0.0080942,0.0681705,0.0123284,-0.0099884,-0.0027165,-0.0069999,-0.0135415,0.1409797,-0.0539436,0.1866827,-0.0245194,-0.0352237,0.4471965,-5.063E-4,-0.0576558,-0.0371256,-0.0428854, 

0.0337162,-0.0102494,0.0355968,0.0366258,0.0599433,-0.0162466,-0.0016718,0.0140528,-6.798E-4,0.0543361,-0.0063924,-0.0059703,-0.0195468,-0.0200104,9.163E-4,0.0392633,-0.0064894,-0.0111879,-0.0248324,0.0172391,0.0202214,0.0385775,0.0350431,-0.0070107,-0.0153142,-0.027663,0.0606967,-0.0164916,-0.0141247,0.1271098,-0.0055494,-0.0119275,-0.0044124,-0.0102858,0.0221576,0.0111456,0.0282699,-0.0049158,-3.498E-4,-0.0107521,-0.0035057,-0.0224432,-0.0106439,0.0685705,0.0031109,-0.027077,0.0170332,-1.762E-4,-0.005043,-0.0072341,-0.0217068, 

-0.0012572,-0.0343791,-0.0348099,-0.001514,-0.016777,0.0054213,0.0011042,-0.0154128,0.0154491,-0.0130406,-9.363E-4,0.0060829,0.0319854,0.0065378,0.0116628,-0.0121012,0.0129862,0.0137169,-0.0049462,-0.0081822,-0.0439485,-0.0339923,-0.0085831,0.0060557,0.0036589,0.0284475,0.0167732,0.0019716,0.0014966,-0.037432,-0.0031372,0.0070207,0.0185777,0.0046385,-0.0102795,0.0074276,-0.0153856,-0.0050818,0.0051115,0.0041656,-0.0136592,0.030838,5.919E-4,-0.0718508,0.0024274,-0.013251,-0.0261298,-0.0091306,2.41E-4,0.0069229,0.0011768, 

-0.0269115,0.0032861,-0.0069418,-0.0195739,-0.0127588,0.0189582,-0.0134564,-0.0027446,-0.0018543,-0.0103896,-0.0038496,-0.0020269,0.0109617,-0.005301,0.0073862,-0.012401,0.0032799,-0.0086793,-0.0037535,-0.0085595,-0.0222386,-0.0031869,-0.0145846,0.0137988,0.004801,0.009628,0.0122928,0.0093329,-0.0084308,-0.0075884,0.0147049,0.006004,-0.01501,-0.009371,-0.0024312,0.0110442,-0.0072055,0.0087357,0.0109406,0.0067355,-0.0137049,0.0010814,-0.0121185,-0.0027667,-0.0075303,0.0067908,-0.0096614,0.0043407,0.0114423,-0.0013708,-0.0127657, 

-0.0109652,-0.033041,0.0094501,-0.0338899,-0.0210971,0.0070092,0.0082505,-0.0014073,0.0136486,-0.0355958,-0.005989,-9.252E-4,0.0345346,-0.0101261,-0.0266488,0.0026268,-0.0093221,0.0019845,0.0020853,-3.744E-4,-0.0363623,-0.0151835,-0.0216863,-0.0104182,2.473E-4,0.0119448,-0.0123425,0.0107599,0.013538,-0.0303642,-0.0095365,0.0091483,-0.0128576,0.0148595,0.0188849,-0.0226285,-0.018935,-0.0033411,-0.0016392,0.0027461,-0.0052205,0.006132,0.0118378,-0.0305434,-0.0129383,-0.0098777,-0.0016965,-0.0102203,0.0093449,0.0217408,0.0027627, 

-0.0026084,-0.0017347,-0.0108916,0.004463,-0.0076407,-9.08E-4,0.0096002,-0.0051331,-0.0071463,0.0187837,0.0087325,-0.0129722,0.0259748,-0.0188568,0.0036479,0.0074591,-0.0042583,-0.0026501,0.0053158,0.0070164,-0.0145771,-0.0216863,0.0092372,0.0067387,-0.0026454,0.0095195,-0.0170075,0.0028132,-0.0092833,-0.0211203,0.0054138,0.0109405,0.0029479,-0.0186172,0.0047672,-0.0062703,-0.0274062,-0.0217727,-0.0109241,0.0137267,0.0178345,0.0130117,0.0016084,-0.0134729,0.0151076,0.0010098,-0.0058412,-0.0035492,-0.013698,-0.0031284,-0.0021894, 

0.0188156,6.837E-4,-0.00661,-0.0045546,-8.967E-4,0.0051822,-0.0099305,-5.844E-4,0.0029725,0.0070263,-0.0126319,0.0073454,0.0054609,-8.486E-4,-0.0067705,0.002326,-0.0103976,-0.0086892,-3.352E-4,0.0075585,0.0174009,-0.0029282,0.0019602,9.247E-4,0.012047,-0.0044716,-0.0011357,-0.0038218,0.0254686,-0.0073605,7.228E-4,-0.0061714,-0.0228166,-0.0157425,0.0044695,0.0057979,-0.0073818,0.0063315,-4.233E-4,-0.0041927,-0.0066198,0.0065135,-0.0010199,-0.0033151,0.0020133,0.0157422,-0.0024032,0.0222958,-0.0107164,1.11E-4,-0.0016202, 

