25 1 1 51
0.0019225564521712535,0.01997341641391279,-5.648218116531877E-4,-0.006934699089676093,0.014952731306562043,0.002992123044757824,-0.019781140305584925,0.001195004512113223,0.0017301105099591832,0.003568936703368257,0.007405780264809081,-0.012940291416282676,-0.008982675044188846,0.003879082597135401,0.0030399843023798303,-0.008692715495597138,-0.019273494749268368,-0.02167078258422118,-0.008759593522596018,-0.006239495678351318,0.01858168258601876,0.004841958832492898,-0.01270292732594316,-0.011283807576020651,0.019424051402151712,0.0068845024819409375,0.002877193274410851,0.004312230189265982,-0.0020106825134319013,0.004106830341277525,0.0010597836099868769,-0.0018992784785682355,-0.004772001767389892,0.006315064660195271,-0.008898725841556267,-0.020465760083336518,-0.010036525235134517,-0.003937350880856206,-0.014620885074164773,0.010122636579436087,0.0032870720398216445,0.017196786794923487,0.0027900697568236086,-0.015507685903419917,-0.021734369334530053,-0.013583050664695484,-0.01411549926337674,0.018001016272060043,-0.0033686496589987033,0.017047647533031465,-0.005354206782341689, 

-0.00811593463935141,-0.0055643027856053405,0.010978958469909565,-0.0012340933155993645,-0.008232368780900586,0.007576762104375688,0.01767686560379024,0.023946548429862814,-0.004149828702142344,0.012691203451581496,0.016132409036456085,-0.009869812229901775,0.003986061105131405,0.021590651581243615,0.018477614666018823,0.008347755993327235,-1.1091844135081219E-4,0.019603657458018158,-0.011222382950390686,-0.001080367481798819,-5.487887864173999E-4,0.0030312353675093595,0.013128962570554849,0.010203527608978328,0.031781119122060886,0.0027468431097188903,-0.0013437191739072785,0.012451715043940869,-8.5435179746155E-4,-0.003511794752529102,0.0032329424621102103,0.017784401895377284,0.01266623811828044,-0.007416055866022911,0.0124525779445515,-0.0017188382910337716,0.015082490638814363,0.018066697727415683,1.2156520676379106E-4,0.014313833416954996,-0.01661046696529503,0.004644234768675444,-0.0175144418701208,0.006187212578801731,0.015511903073050304,0.013926916721303985,-0.005137381232607757,0.021895144552043402,-0.004513408975310245,-0.011566980017369404,-0.009371709116700365, 

-0.007689181901533849,-3.8796539499456244E-4,-0.015512969193170219,0.003750521120328096,-0.02340269411064614,0.009260315392375767,0.018942250727125253,-0.017113628506805752,0.019780957682131343,4.6380519004479164E-5,0.0016765500160368211,0.01049768543015347,-0.016798496788141697,-0.016072408902158608,0.005303202398418733,0.019339540585543213,0.02246120415664698,0.013594800375553889,-0.003007095676891405,-0.008264138791302195,-0.012989479373575665,-0.013522285633402875,-0.026560311549527607,-0.015281600211074187,-0.007556250162902053,0.0031612211973721144,-0.005657785926324833,-0.011137941642995197,0.014833906924418036,2.7684785993187683E-4,0.008780730735291734,0.004939593563796076,-0.028526597660901064,-0.014851012713967833,-0.01234846132806149,-0.016188083544590007,0.011835420305652107,0.009524482042577774,0.002572580753989129,-0.0038588152351514853,-0.009246095594128102,0.004288122652983028,0.005030740402026842,-0.009206977102170787,-0.0024976413962927387,0.006216632853322594,-0.011997793170722176,0.02273478729787371,-0.013811760054893773,0.004329023765768764,-0.007536495314540846, 

0.004653359280754056,0.0022402656078167296,5.820199733956136E-4,-3.4997035351864314E-4,-0.0031897564420602775,-0.0028997570611039992,0.009318948341115579,-0.016197836632956812,-0.00750582588237725,-0.007256583571789983,0.006152680188528415,-0.012781991055099792,-0.012051956223383713,-0.00282928019600048,-0.0015310513477934213,-0.00990885119260976,-0.0035116577943704397,0.006320896041342968,-0.0012823529667855007,0.0047169919369494644,0.00813869086400109,-0.0067260344640289755,-0.018160245023876333,6.298228649917003E-4,-0.012564784727809131,-0.011814023981412103,-0.005172202453670441,-0.008538907671722228,2.2155107147500173E-4,0.007828801440409601,0.0031383617240974193,-0.0035719053672210945,-0.0023376316170985044,-0.0039456240881979385,0.006164600643888476,-0.009919526924739332,0.0012070937801041668,-0.009257080331891078,-0.008635766051882076,0.00793099414898045,-0.008610905263355492,0.021447189764687773,-0.019392086714805946,0.004984531863409121,-2.804452656973538E-4,-0.005837057090300192,0.00126697288821259,0.003117639526043853,0.003171320662435019,-0.011710356288358247,-0.022648641375554685, 

0.015121422080172508,-0.05850860908941275,-0.08523906379882758,0.062442569764602475,0.014668871176475152,-0.14219378608739436,-0.07605268595056668,0.007834956661907649,-0.07680494541067688,-0.08492616169912563,-0.02921766199028887,0.12140377383891564,-0.007098289851794622,-0.09702341186951188,0.06660973627627768,-0.07618721408477715,-0.06735742230011753,-0.06460385266708553,0.15628441834905327,0.16398011898730333,0.10263010994559259,0.11139095694209394,-0.0994303008069923,-0.0070412863610950695,-0.07782055085069971,-0.16711061869711577,0.10917917007292999,0.015232734761046664,0.056290305551892794,0.05419443803811242,0.0576649255921135,-0.007365217726272661,-0.0717633285937358,-0.0759709851328004,-0.16463628658687643,0.05588508915191744,-0.04882126377040058,-0.06867352277457972,0.05308084397339162,0.0909749856217355,0.054889224553644964,-0.057209356006081784,-0.00288144605957358,-0.012262104347439367,-0.06105833844486194,-0.12403528742875314,0.10057473549368351,-0.014276872094190783,0.08696066337742676,-0.0011911354243891474,0.9038431095056008, 

-0.001606682428940763,9.483206216450566E-4,5.290172179479598E-4,0.00587792362070871,-0.008129819439698637,-0.016266190332695718,0.009955437751145775,-0.0036904439974083736,-0.005387417180619613,0.019223058455540898,6.537348503164537E-4,0.02696773586447123,0.014585666503945311,0.00564691064871344,2.4478907345983373E-4,0.017983891076972985,3.710752696381538E-4,0.015733743582113862,0.0011350599123318883,-2.0153806212351197E-5,-0.0061408297924601205,0.0063558807077933824,-0.023660205015264432,0.001975948424720038,-0.015208969501297367,0.007657252075579924,-0.012981745912967925,-0.0031919157847060723,0.0017135837898220332,-7.803471165178592E-4,0.026097398943853094,0.02120578232314754,-0.0149149243978409,-0.010100399469820196,0.0070514014931773675,0.00384510588220406,-0.005642025036128122,0.022495664693627702,-0.003911096525519551,0.002271020059094192,-0.016276306735170654,-7.115866247111892E-4,-0.018621108128618297,5.569492205214125E-5,-0.0036817305512732825,-0.0029903105721831497,0.0014724143143831914,-8.66049954125595E-4,0.006461820574864372,-0.004870852351551867,-0.02586107508311198, 

0.024159960070538215,-0.023682775904001706,-0.016561377692604174,0.013135568133041061,0.002147739219935589,-0.00908250146439515,-0.01632168653902942,0.013272727963112112,-0.01064158097553707,-0.004104717974523637,-0.005442993252968874,0.0025549312335273085,-0.016478196168771327,-0.0106377478000583,-0.004245997880664097,-0.013392680338783235,0.003740081861557719,-0.010354783059474912,0.007767577351526839,-0.019324359199895457,0.011666159689908234,0.014929086784081187,-0.010295618027391013,0.005977740250770568,-0.00951229228556256,-0.02612451302824407,0.008485158295329929,-0.005166039455497876,2.900254959465458E-4,-0.0020962741507927003,0.002173743009648631,-0.010105439993022998,-0.0030816697478990187,-0.014005957977997915,-0.01581365961482859,0.011862816917087229,-0.012915839069029662,-0.039844596466739095,-0.002264052198900988,-0.0034464787866644348,0.008739419012202784,-0.0095956902645569,0.00552187680897527,-0.015918869078255484,-0.0066664828117205645,-0.026987026398370778,0.007663760006112055,-0.014454044794521989,0.011779645503012817,0.004235290017310063,0.03689999263618559, 

4.300465681440623E-5,0.038375102796529136,0.03013884300071915,0.00910196797007196,0.050467574040986514,0.005455890668528869,0.04349412145111697,-0.007485589438046007,0.02838994065543858,0.046270122467463655,0.0020957531741925836,0.03114555525662147,0.028229671459908408,0.019878931479014116,0.035765382749261644,0.03541967511520361,0.02701665401700132,0.008972610799449325,-0.010755776075962245,-0.027141430003164702,-0.007683992841206006,-0.00545574150033121,0.02094251858227226,0.009483835940658674,0.06752343719896371,-0.00237003608332463,-0.004480042699798802,0.007731679330786814,0.012480472843071437,0.013932081504636965,0.005085533727218399,0.07074657678549587,0.06684588832985587,0.008625492621712307,0.015314309906576014,-0.007731983874528598,0.040270123900757,0.044513957095059474,0.0077956937825037305,0.0028935697985274676,-0.0026263218208353125,0.025015392001359955,-0.0012523912653611838,-0.0019288098215326926,0.060119520919527165,0.015773130119222552,0.008722082217739338,0.05370802804462288,-0.006217652354979364,-0.009595445613398246,-0.005324754652640131, 

0.005512921480342458,-0.0014728444403043336,-0.010071825058496046,-0.010341528529762549,-1.7871167699917467E-4,-8.792476461749522E-4,-0.0028424363436781843,-0.0021557562706344614,0.006648044879677991,-0.028494095536666833,-0.00927350574502278,-0.003982087372862521,0.0025466250902221933,0.004790080595172673,0.023740413860505318,0.0027702526622353516,-0.024963584201708716,0.0050706924135649626,0.01323985277435056,-0.006049696398402452,0.006868918899987034,0.015897755411021616,0.001606028397940376,0.0022305811489227354,-0.0200402737183264,0.003082044703566802,0.017531244394179007,1.9970875282490644E-4,-0.0014329111055030722,0.009636946181728069,-0.012141838633028845,-0.019043597682097697,-0.009883287418818063,-0.014661249734482717,0.007985115130112302,0.006032860512096322,-0.0050848360060324815,-0.017478363348653898,0.005234710618741019,0.0040732766796678695,-0.004612670546937025,1.482225542474872E-4,-0.006624237807630922,0.001263458986163969,-0.01733513336887255,0.010852388887365278,-0.032049236335950394,0.0032409534410250116,-0.007337319482692828,-0.0096585102205209,-0.01520274627870773, 

0.0020995172411736145,-0.2863869711949368,-0.1531687536713026,0.06580365659421412,-0.05838244687381442,-0.1040152651313952,-0.06898889103853248,0.00858253780111302,-0.038991701951873084,-0.12027072572733105,-0.03336377444512017,0.1315261595933116,-0.25133773644744734,-0.2944595149314314,0.0674198079380916,-0.08871633206777299,-0.07427121261994414,-0.03525443193069641,0.2803520147685207,0.23320706997467636,0.10916827132631707,0.20643743978596873,-0.2306950660252777,-0.015971112335178787,-0.09164720893791935,-0.1996953439384957,0.17821580574295828,-0.17223503072634364,0.08478408551410097,0.11891386118963929,0.020963129678753255,-0.003043103844216363,-0.061030164907166964,-0.22727006751983234,-0.28802535534027,0.08320105104131618,-0.12806390651615723,-0.08052106176411424,0.059233505802254525,0.13867255543745577,0.03553159124237828,-0.09944597500740747,0.01930339586989699,0.004676451443861071,-0.15462312104969816,-0.13817403379863852,0.21360534080296092,-0.1795344667240185,0.11179888322624443,0.004583414487183479,1.6014047274740006, 

-0.013489584552890389,0.013118316097022083,0.0012136413834329157,-8.906818994401877E-4,0.0334939335204571,-0.03234424777001931,-0.005478563131097012,0.01572485220728118,-0.012801642524380734,0.018649038033998998,-0.011186562338140388,0.025123220558239463,0.03481314696323728,-4.675828440558642E-4,0.014384901529352066,0.017956347154376037,0.021259203203450237,0.003260347178307529,-0.0014938839880932646,-0.029755001905806197,-0.003052266437806356,0.006283950569912648,-0.005511067395619792,-0.022116355191270875,-0.0029183852800220922,-0.015101095581205695,-0.001314778698832932,0.01122943048134292,0.011886681577490678,0.010795699050774538,0.0020878021284012646,0.005179328296283831,0.005416762998684282,0.0032005387535301885,0.003908026331714338,-0.009061381535126398,-0.03894544411344366,0.02803989927918456,0.011710177948026219,-0.011578670778272493,0.01188145414500744,0.0029854254120177393,-0.009039655772787217,0.008028570752703749,0.03308074826053686,-0.001885440052160972,0.009489406201972063,-0.006809033034134582,0.027515312584586258,-0.0054242250600337145,-0.012738514857448743, 

0.002000297411167567,0.06501841620174466,0.09539877395320912,0.009940247924902591,0.1662957713301418,0.07029059996328559,0.14336828742256452,0.003415832592715819,0.07188547824416992,0.17966014115505255,0.022173863223581194,0.08328380529037989,0.08667192785254625,0.10021586364721337,0.10975900274984449,0.12300723214492573,0.11092869778580977,0.059980874671952865,-0.025515474190514222,-0.08636998145686828,-0.018627407557171887,-0.01132535294408644,0.05729345908298502,0.009463092387358306,0.18558972167440183,0.01894454075027305,0.008319001306500077,0.06376005540592672,0.014686845741950614,-0.01762710420143653,-0.002766165098081074,0.15315069472434975,0.16805765650141466,0.0082990401400585,0.0634580644042864,0.018987346618331614,0.12405568980598529,0.1345160263227279,0.0036953755821891106,0.007781453116181866,0.0011306218883317348,0.05540886769351472,-0.04007515064846951,0.00639735650033245,0.18262906180631439,0.061337407318864716,0.007164244664709116,0.17614944781893788,-0.00779017586550411,-0.01173756724343387,-0.008426941685596767, 

-0.024426478448530846,0.11341967483605284,0.17724422493583442,-0.0032254718223954045,0.29579853204527096,0.09139373388579515,0.23187608070905125,-0.012228194606434937,0.12018876249907656,0.28261757123482245,0.013798514894912673,0.11438477070140164,0.1479463466108857,0.14313379565672632,0.21132796640996,0.1889468237241841,0.18911702344340336,0.09455586263403051,-0.032158603096706186,-0.13779427107055411,-0.03710579055453659,-0.015412346469226222,0.10538791655609023,-0.003810887966136569,0.32702133681123774,0.028298308867514128,0.005256940446739979,0.11621572709840376,-0.003919146985956238,-0.024191543900786237,-0.009884302042431403,0.2712788747239398,0.2904038340597271,0.03535950306006818,0.0833765714114593,-0.010462307020706836,0.2025557119291349,0.2257041705695181,-0.00962121147289715,0.005990101586606191,-0.0037563152847906794,0.12038203114883844,0.007299357938920143,0.0021718160570043934,0.2801590927236535,0.09480233330883436,0.02747590921756908,0.2819690853128246,-0.03830564367297238,-0.0010206845212722396,-0.009995637292208467, 

0.019319630043306123,0.016885053666843772,0.018969405845854877,8.665819642826255E-4,0.03249126009447276,0.015512995601591677,0.03106455842002855,-0.007237601819857934,0.006268092594335405,0.04735893389232358,0.015576863146630827,0.02081890816022439,0.015541966094961666,0.00831990648587075,0.031828887609112406,0.04212891431826515,0.018248316110966792,-7.318421576192094E-4,-2.9050360602100574E-4,-0.015510019033938472,-0.0046093956393984305,0.006377296913531307,0.01064412202201484,0.004012392948416396,0.04355585146248105,0.006458177867133197,-0.0015588776691057278,0.0015859021994750785,0.004758790163747343,0.01040606902882499,0.016652179497303632,0.03841858090951803,0.029291031805324486,-0.007142267512937953,0.011732899037388523,0.01035313038539432,0.01780464279562222,0.023080451453737817,-0.0053209331576861175,0.0036163673127198935,-0.008131955625130709,0.008626169477429972,-0.004130063720162602,0.014907781344514379,0.034285870709548485,-0.005007923007334063,0.006536353514819592,0.02768972733686248,0.0014356490121340169,0.018529844347279435,-0.0038900095998211427, 

-0.008152003768341446,-0.10424815955528031,-0.06930249690679167,0.022466687448876203,-0.037845427330631995,-0.038042002125614455,-0.026974747048450612,0.003167341969466042,-0.026676564455861904,-0.045613795330202836,-0.02253526446952341,0.04353164361643458,-0.04157050995253052,-0.06037253236033373,-0.0644589621152124,-0.03978489553272101,-0.03552202547984358,-0.02582483611857429,0.07394126826436646,0.07896842658810944,0.03490369802193153,0.0651192801458936,-0.026360589615815843,-8.12398488412027E-5,-0.044924285650822376,-0.008999883966915388,0.053953855008621744,0.017123955093634995,0.029003810685839133,0.03051395157589016,0.020127562457236316,-0.024402198083046205,-0.049203448977050396,0.024405883736736297,-0.062334998489220965,0.009022607949475599,0.012569352451222909,-0.019733312993676224,0.016214301751369505,0.025340162708257674,0.009610737017471851,-0.03175566369176294,-0.015819098306224737,-0.006161234661774945,-0.042360682862531564,-0.035560122791280104,0.06053962119276488,-0.04368659550632793,0.05608316402657916,-0.003921464059614368,0.3358341732694002, 

0.011080097484492115,0.023037142913357553,0.04077760670749297,-0.00879559717515007,0.06854975417834114,0.019577855426177192,0.033141873034816326,0.00997815410610439,0.02865112845505908,0.028514709252975393,0.004245241648742129,0.024661642774274548,0.02838518613919002,0.024263671687216014,0.019963279659022615,0.03038969883424935,0.024644125942265713,0.001268279918261798,-0.0026467764281769366,-0.029623558681178067,-0.006701630675644871,-0.008186244290920365,0.005430560729971519,-0.004536152006571688,0.06422283571943839,-0.0018383877248793219,-0.00756969630956754,0.02217141344314982,0.005131997829170475,0.014751707465283445,0.007885395109707363,0.058211308240821276,0.051805555925276615,3.1779881462744763E-4,0.012550318275746018,0.006092610136383826,0.025020818083643294,0.04032280041904073,-0.008609471614989008,0.010332709995074999,5.857540643079354E-5,0.017681668875047806,-0.0035392186111443988,-0.01209344242025952,0.052547451247619,0.024391109019466308,-3.9429674271275315E-4,0.0671804810724666,-0.003382830317688019,-0.004222740700297654,-0.005213567258099518, 

-0.006800979254825502,-0.011458198437559299,-0.008229232374601308,0.019170850636924322,0.038592444205341574,-0.03513411556669229,-0.00331329161786243,0.004604766805863393,0.012246714786554737,0.016820585424613545,-0.012130614916146039,-0.02079882599293294,0.014951134728710846,0.03434449701756313,-0.0012607479229945272,-0.0017045474560833578,-0.01522221038800331,0.00252564131749472,-0.0229657555714668,1.8663360805671924E-5,0.019972197292634362,0.010802421544680842,0.0036380828880012463,-0.005976566511941994,-0.006999283252086076,5.754991235851864E-4,-0.001348416486122009,0.010537227900538054,2.536700220387329E-4,0.008908297751418477,0.0036990857545000696,0.004564929185406247,0.001662420856012221,0.015520776790196186,-5.454340706244115E-4,-0.0013122063936031386,0.0029162045291619317,-0.002899496564447597,-0.020008643092599608,0.00961485960993282,0.01106577447554939,-0.00580910758102646,0.021785271753420234,0.007933940496332026,0.004024908513550636,-0.021365023387282932,-0.0070547783957461835,0.019528981979576716,0.0054018728618120005,0.0244778962944013,-0.017504122887343793, 

0.020664117157112142,4.2933772708989585E-5,0.00801841542900652,0.010659467744818569,0.018621511627962953,0.0020503085197900147,-0.007510759239945612,0.004067166946339023,7.613135721273339E-4,0.004470925381028785,-0.009231993759409276,-2.327348934550977E-4,0.002125920426816726,-0.007857970703647995,-0.014289129574335807,-5.466317076717608E-4,-0.0011971096752815822,0.009679562214409106,-0.0029387059452218285,9.67201065287401E-4,0.001349292648080864,-0.016456776102367367,-0.0017050059947217803,-0.006048143563310549,-0.008967207800850432,0.008836411754743768,-0.011596200558752765,0.004926508776444039,-0.007300288177955911,-2.4671354974065894E-4,0.007192303671397599,0.015719068069016916,0.005957469688994166,-0.0050950273316181715,0.01364422868927777,7.605409345158284E-4,-9.468673440037636E-4,0.0016987691095495798,-0.00501676011187893,1.6899901194833596E-4,-6.914743657952891E-4,-0.004814706700295848,-0.004166524585614625,0.005765231440980845,-0.011392859742975365,0.006581213169428355,0.004149697672818612,0.009038249605061013,0.006926172698200131,0.019441820772401988,-0.007619306650956024, 

0.008503865135920323,-0.003490325229300953,0.008310833297107268,0.0042444558503933975,0.03362923457167899,0.01326174761163521,0.016654496317337106,-0.00988481113720454,0.007583832756227906,0.026388822150673723,-0.02311140032127547,0.007788760951023397,-0.004646525920442841,0.022733922126436698,-4.231199645831614E-6,0.00776656392226226,0.004783838076725056,6.336476104913908E-4,-0.005283354124770735,-0.012612940348147455,-0.015741131554683763,-0.006839755786604232,0.01801360564302632,-0.012465285509281615,0.021683765884038485,0.00548635535494223,-0.004255471928961439,0.012678590383579137,0.006590256312119143,0.018694477783441275,0.022643129125533693,0.01855068672154765,0.016487925020028542,0.011753045488417295,0.014155122564816923,0.01984612436410833,0.019702221771355763,0.021669433676931343,-0.007089506418770643,-0.007192850399411792,-0.013535946734696885,0.01441023464474848,-0.003290857321630234,-0.0047230770884396115,0.01557179262204815,0.016891977267038834,-0.009980289270309976,0.023876710172981805,-0.002224148498506288,-0.014793906273391414,-0.003244223198406644, 

-0.002874402108183826,0.009665813642142584,-0.010585968996906591,-0.003375750531351783,0.0073780294560907254,-0.016304632362546628,-0.017152595486720438,-0.011824046741164478,-0.01322756732360398,0.022571319017416512,0.014173152548186563,0.010008404581060544,0.011781055502139039,0.008156524373618046,0.013150213840760715,0.006138703856918788,0.007420381223745113,0.012385826787178637,-0.006930813677612815,-0.004219450459085634,0.003827861616057172,-0.016280328546368572,0.020776795224610428,-0.005342678146595071,-0.02379669003258468,-0.01779680578065935,-0.003477701559456578,-0.008055637858773041,-0.0010311437842671822,0.0019710678795205314,-0.004927374201270075,0.01901550024037377,0.021996698947720054,-0.00937850594020859,-0.039168064524539505,0.005795481662873691,-0.01212893354378393,0.003028103706307491,0.004080352977822866,-0.004357561380104323,0.011831646760417605,0.019134398596511573,0.008575777371233599,0.004161414642429242,0.009662266001301266,0.004323087980228058,0.006507344218799755,0.01434754401574553,0.006497021062112124,-0.0029389453277799556,-0.010981573229015568, 

0.014646740216576606,-0.0043592488359912845,0.018061572871754288,0.0013589099123187318,-0.0010633589217089736,-0.01993217067819329,0.0017439995617350163,-0.007595671936016186,0.019071294316702965,0.010118953307593522,-0.008767784596760652,0.003085381122492839,0.03261698979636093,-0.005844061362745149,-0.0012293326267482497,-0.00656154157275487,-0.008105418746470607,0.010142336182085767,0.005863790601621713,-0.025106019095799625,3.7103011890575157E-4,0.020117669239950793,-0.0013699131223626003,0.0027775248911474856,-0.007767081523956834,-0.009602903364041846,-0.008492085131678644,-0.015547534250371788,0.005206765280421141,-0.003228503439977517,0.0018316106307743752,-0.026351610456232653,0.0066572747765592175,-0.002146881979427343,-1.045305802809484E-4,-0.0015882151886923094,0.009211454562147912,-9.644271954321446E-6,0.007338224749997301,-0.016908773081789168,-0.006701037724941926,0.0040259044748300835,0.008782386205025812,-0.01437319360330437,-0.011794026299716175,0.02169224340112315,-0.003680016762840361,-0.037198698915199765,-0.00265236293201112,-0.00735467155279782,-0.025154566908615127, 

-0.0230947449733238,-0.08209855004107493,-0.04015527654905513,0.01215519067690277,-0.03574709583602853,-0.03332125165320435,-0.026170060736007843,0.0052925452247481,-0.020125064898860644,-0.05439212072175622,-0.016839766179528197,0.037219643439579786,-0.03842571518108833,-0.0840809588290994,0.00266139178336713,-0.04479897426834454,-0.029319373797208843,-0.01083912844125032,0.06524769286469845,0.08180947688469857,0.05549294060212553,0.041620251366695414,-0.028626854376564148,0.010750184155685589,-0.06285958083808961,-0.025333829205498384,0.04284750926785284,-0.012988385883347872,0.01269602121498957,0.012826603353265659,0.010960571972809157,0.0071601764962606635,-0.055094267300929825,-7.685420506095389E-4,-0.0441011684826231,0.008762108640423514,0.012180429376323763,-0.029961374214553506,0.016925135677376527,0.05254843008426862,0.037128771313602885,-0.018798488349945446,0.010688627077893559,0.001104895993628755,-0.022501187925252377,-0.05239241167327974,0.05127676856768448,-0.008145798040464667,0.03438047360719993,0.01061356656098433,0.3909259895596592, 

0.00233804924432493,0.008436806036877756,0.00717351330440002,0.0060668588785473595,0.013225171898238262,-0.02803040103080171,0.005356930650927324,-0.008611927829996388,0.007336796332034394,0.01689124875088593,-2.693730042776648E-4,1.9138835591325903E-4,-0.00524131937095151,-7.676542318379503E-4,-0.01706872068587244,0.014696779617106057,-0.008559250852093341,0.005121978463067003,-2.735630470682086E-4,-0.00349858234559333,-0.008769887258652881,-0.004094079030253062,0.0162449993713147,-0.016960991629103833,0.003457371939316299,-0.0022509014606405496,0.005530653694736861,3.038959624841667E-4,0.004801311940341626,0.00850961916235427,0.0034769999250280977,-0.002340669998166003,-0.0069157216114178995,0.004729342619903497,0.0030853431393044802,0.0073871599269711,0.019219455924027816,0.0023530911557971754,-0.005574144077635234,0.010413199436829574,-0.0034799227206995338,0.009867552743527993,-0.008769361091358924,0.014598255435155121,0.0019229773650851303,0.010308525135016186,-0.0026446921067729205,0.00617090921543649,0.004487630189795395,-0.015494093223613326,-0.01351575648272765, 

0.00994901117426604,-0.022706051007654496,-0.006132589427400861,0.0062730693195026995,-0.00903543759220214,0.005123616858316998,-0.003127924144410172,-0.007780369239608787,0.016127445178525615,0.029955463155797297,-0.00405337068628479,-0.01427349469159419,-0.01272073773217564,-0.015189473901619364,0.032608741446323045,0.012641187065685814,-0.0021811237335729386,-0.003154624162536069,-7.837302556146984E-5,0.01037732144977598,0.002562094747048694,-0.013754209992362551,-0.004598375362423829,-0.002235325422894299,0.013190647266068292,0.028338733103546482,0.01180662945869245,-0.02061807631358624,-0.013832235388465756,0.0036690717356339295,0.013599248394825882,-0.011796879690373383,-0.007887144894172981,0.0010023263846765944,-2.5185331641592234E-4,-0.012607766106759897,-0.00823808699003972,-0.0020730082509732334,-0.006013628676430251,0.005035165799328723,-0.0026614897620060324,0.009531774914795775,0.012331482101483018,0.006503447388879696,-0.03677707834453432,-0.014629549562599521,-0.009535840716885367,-0.002675003165968479,-0.01255547231640589,0.014786682007786524,-0.011784419451199039, 

0.008145957895430276,0.02998354520086598,0.038871897869223244,0.011286397777229708,0.08086823518759426,0.02590402101531909,0.0519450263016592,-0.014380034714095278,0.03447104734627038,0.07631450948850528,-0.006583689017048857,-0.0016590735904569377,0.03975937616067377,0.04571340310599661,0.046074090132409026,0.04368376621261061,0.04846637389915409,0.023289103176659352,-0.00955007146096193,-0.032743100736168866,-0.0012713190264913039,-6.083522276354432E-4,0.016768664990389204,0.010484071725967657,0.0923233333894107,0.00895358030181577,-3.782826073910267E-4,0.018014366317852776,-8.461305265234052E-4,-0.009181523357528979,0.006186321979990479,0.061016254346473904,0.06684320974563566,0.01442887730865054,0.03381108080710376,-0.011495742119380092,0.054926240973973944,0.06283717453011915,-0.0043319047210567865,0.00562648416078876,-0.006255268589599716,0.020469236881656104,-0.006596457257132146,-8.041136134283213E-4,0.07050106468839283,0.0239662216923063,-0.006629855877319036,0.07602170013071222,-0.00735158934592633,-0.011892509478516857,-0.0011536193162843555, 

